movie_id,scene_id,T00,T01,T02,T03,T04,T05,T06,T07,T08,T09,T10,T11,T12,T13,T14,T15,T16,T17,T18,T19
0,1,0.001219512214020136,0.0012195122327510134,0.0012195122254663666,0.8263670715615276,0.001219512207020991,0.0012195122204444906,0.0012195122064460248,0.001219512216143448,0.001219512222641746,0.0012195122316935373,0.0012195122280525216,0.0012195122291452547,0.0012195122252192832,0.001219512226243751,0.0012195122294374296,0.15168170846722798,0.0012195122138363896,0.0012195122150652296,0.0012195122107677492,0.0012195122168491635
0,2,0.0004587156050459577,0.00045871560616739037,0.0004587156078513676,0.1849368630504961,0.0004587156048164927,0.2175679957109896,0.000458715604385629,0.0004587156061987542,0.09485781058339426,0.0004587156057847939,0.0004587156039875583,0.00045871560546857827,0.0004587156067691967,0.0004587156055855823,0.07490840334061624,0.00045871560851893533,0.2227561592757757,0.1985507495509373,0.00045871560885576377,0.0004587156083548503
0,3,0.0008474576555899058,0.0008474576433553559,0.0008474576492052899,0.3670778433355599,0.0008474576487457666,0.0008474576449551091,0.0008474576422462409,0.000847457646306751,0.0008474576496224693,0.0008474576447702955,0.0008474576519488109,0.0008474576604474224,0.000847457635998556,0.0008474576465897894,0.0008474576421270688,0.0008474576406388529,0.000847457651522804,0.6176679190231048,0.0008474576475056511,0.0008474576397590694
0,4,0.3380772295035333,0.005000000033001667,0.005000000092587533,0.0050000001403403055,0.005000000127685256,0.005000000101026494,0.005000000079281755,0.005000000032845946,0.005000000066705788,0.005000000068167144,0.005000000067933456,0.005000000027265384,0.005000000126080068,0.005000000066120021,0.0050000001396380955,0.005000000108556175,0.005000000093875022,0.005000000123957959,0.5719227689435481,0.005000000057850578
0,5,0.000537634419524767,0.0005376344270243771,0.0005376344204730655,0.0005376344193972614,0.0005376344159699085,0.0005376344201562583,0.0005376344206253365,0.0005376344216093381,0.0005376344177857505,0.000537634417250084,0.0005376344155092145,0.5691789330972152,0.0005376344162594869,0.000537634417463407,0.0005376344165997671,0.0005376344211590971,0.4211436473534167,0.0005376344244787506,0.0005376344234369917,0.0005376344146451438
0,6,0.00500000008564755,0.0050000000415977505,0.005000000046418246,0.005000000088852088,0.005000000044926308,0.005000000145427888,0.005000000079358742,0.005000000067160006,0.005000000098059155,0.005000000092405217,0.005000000146954399,0.00500000004221517,0.0050000000634511,0.005000000036128889,0.005000000062644872,0.005000000064640236,0.9049999983299286,0.005000000162323201,0.0050000001879514045,0.005000000113909259
0,7,0.0038461539461924744,0.0038461539054750623,0.003846153893874056,0.0038461539054878363,0.0038461538562961474,0.0038461539649526128,0.9269230742352187,0.003846153942126381,0.003846153883919343,0.0038461538645690736,0.0038461539459327533,0.0038461545206458767,0.0038461539279366626,0.0038461538582136483,0.003846153859505058,0.0038461540157093584,0.003846153911094847,0.0038461548152821045,0.003846153884491986,0.0038461538630760587
0,8,0.001315789519760988,0.0422761343293329,0.0013157894977964444,0.13270346355903234,0.8026519805846946,0.0013157895064220147,0.0013157895002778748,0.0013157894962319073,0.0013157894941885286,0.0013157894937159556,0.001315789494452002,0.0013157895151954591,0.001315789491327954,0.0013157895015107064,0.0013157895011088618,0.0013157895032940557,0.0013157895052423791,0.0013157895066012997,0.0013157895074937084,0.0013157894923199825
0,9,0.13958448964827933,0.2896457715582834,0.0026315789820390346,0.002631578980855529,0.0026315790260875317,0.00263157901432802,0.0026315790396766394,0.0026315790077546097,0.0026315790212716786,0.0026315790272832375,0.0026315789879040492,0.0026315790015511565,0.0026315790389492746,0.0026315789667197154,0.002631579017119102,0.0026315790063057196,0.5260328956178568,0.002631579013374029,0.002631578998036497,0.002631579046324584
0,10,0.0017857143759358767,0.0017857143039907066,0.0017857142991405692,0.0017857143046635154,0.0017857143014672406,0.0017857143142050052,0.0017857142984713935,0.0017857143294237158,0.09495924942663173,0.0017857143021839936,0.0017857143037294813,0.0017857143231033044,0.0017857143235787622,0.0017857143274741306,0.173676555727434,0.41149844236944444,0.29129432343288064,0.0017857143078348452,0.001785714307615643,0.0017857143207909865
0,11,0.19016990356419933,0.16700900206697128,0.003571428629533069,0.0035714286166905976,0.0035714286336243012,0.003571428651545827,0.0035714286366672976,0.003571428590343674,0.5821068074950031,0.0035714285931871927,0.003571428658711198,0.0035714286938687764,0.0035714286626590502,0.003571428717959634,0.0035714286124281704,0.003571428618767356,0.0035714286360069344,0.0035714286478710985,0.003571428665109508,0.003571428608852446
0,12,0.0020000000350090977,0.002000000051861476,0.002000000017397607,0.0020000000186886522,0.0020000000472281854,0.0020000000272513458,0.0020000000265179107,0.0020000000259475783,0.002000000016280001,0.0020000000099019547,0.002000000026674159,0.13303712133380577,0.002000000012465453,0.0020000000293574636,0.0020000000287963156,0.0020000000352700907,0.002000000029993611,0.830962878165047,0.0020000000488856785,0.0020000000136207036
0,13,0.0125000000198192,0.7624999991343941,0.012500000033299355,0.012500000105147586,0.01250000005228428,0.012500000040101758,0.01250000016559268,0.01250000020605666,0.012500000028578795,0.012500000007741692,0.012500000000005,0.012500000011970085,0.012500000007924675,0.012500000021007625,0.012500000016175922,0.012500000037392892,0.012500000019316374,0.012500000042030326,0.012500000000005,0.012500000051155905
0,14,0.0016129032431997554,0.0016129032675872318,0.001612903260493516,0.0016129032535789898,0.0016129032471852549,0.001612903258249159,0.001612903246515577,0.9693548380365715,0.0016129032779671221,0.0016129032570880938,0.0016129032621609346,0.0016129032813218354,0.0016129032591347678,0.0016129032632486665,0.0016129032543266743,0.0016129032958905661,0.0016129032596540439,0.0016129032704770012,0.0016129032500651324,0.0016129032552841523
0,15,0.0025000000212372065,0.0025000000885429118,0.0025000000681774247,0.0025000000825869703,0.3065876249163346,0.002500000081339721,0.0025000000257694474,0.0025000000551834546,0.0025000000473258113,0.6484123740652287,0.0025000000382879666,0.0025000000692441114,0.002500000032816977,0.0025000000531658685,0.0025000000412154773,0.0025000000589557817,0.002500000096595596,0.0025000000672762705,0.0025000000475236274,0.0025000000431922385
0,16,0.001724137951156231,0.0017241379752281414,0.0017241379654731987,0.0017241379900475725,0.0017241379959733244,0.001724137956085966,0.0017241379622260648,0.0017241379682056959,0.001724137965816137,0.001724137968860513,0.001724137958654735,0.0017241379718785207,0.7920477906316478,0.17691772589065147,0.0017241380101306253,0.001724137969702838,0.0017241379702808137,0.001724137959533036,0.0017241379527635251,0.001724137985683798
0,17,0.0018518518951217086,0.001851851907862487,0.0018518518978034944,0.001851851911171957,0.0018518519038561389,0.001851851896696519,0.0018518518865143971,0.0018518518745757142,0.001851851894041623,0.0018518518819988328,0.6199946010673013,0.0018518518686231826,0.00185185187964307,0.0018518518800408725,0.0018518518864045178,0.0018518518871143005,0.0018518518862852052,0.0018518518919341117,0.34667206492704605,0.001851851875964692
0,18,0.0033333334763227126,0.0033333334440888984,0.0033333334301494607,0.003333333456115971,0.003333333403012765,0.0033333334585264216,0.0033333333876154145,0.003333333387267151,0.0033333334439543693,0.0033333337214706237,0.0033333334469959354,0.0033333334344325762,0.00333333336887426,0.0033333334883051185,0.9366666644376959,0.003333333408547609,0.0033333333796925803,0.003333333434095066,0.003333333604201409,0.0033333333886357754
0,19,0.0010638298037750945,0.13712365720057745,0.0010638297994175043,0.0010638298009739858,0.0010638298040099655,0.0010638298159783915,0.0010638298068065435,0.0010638298044177014,0.0010638298079574861,0.0010638298084416815,0.4153483760552372,0.0010638298117000772,0.0010638297973981279,0.0010638298140137525,0.0010638298143991315,0.001063829819842543,0.0010638298019744804,0.4294428600066794,0.001063829816198374,0.001063829810201008
0,20,0.012500000005990592,0.012500021716573988,0.01250000006681736,0.012500000050425694,0.012500000169125563,0.01250000025855835,0.012500000198541899,0.012500000623999953,0.01250000027456864,0.012500000108028158,0.012500000010034472,0.012500000159266791,0.012500000112360072,0.012500000132787013,0.7624999754430994,0.012500000146190886,0.012500000245250423,0.012500000249310977,0.012500000000734353,0.012500000028335465
0,21,0.0016129032534832786,0.0016129032618519095,0.0016129032646952702,0.0016129032624007053,0.001612903250498123,0.798397988108656,0.0016129032671756002,0.0016129032601967504,0.0016129032740445758,0.0016129032497341075,0.0016129032579905833,0.17256975313743383,0.0016129032822097696,0.0016129032694281705,0.0016129032621341743,0.0016129032480305964,0.0016129032860478679,0.0016129032685795062,0.001612903282831452,0.0016129032525776174
0,22,0.21742734851678946,0.010000000297926337,0.01000000000885925,0.010000000017802931,0.010000000000230257,0.010000000000619595,0.010000000085981672,0.010000000136968185,0.010000000065372588,0.010000000479699117,0.01000000014186925,0.6025726497049451,0.010000000011540793,0.010000000042724165,0.010000000088390089,0.010000000150715326,0.010000000102617668,0.010000000059530683,0.010000000037404715,0.010000000050012826
0,23,0.19285511129956204,0.010000000064432281,0.010000000080867655,0.010000000129184004,0.01000000006115394,0.010000000060024918,0.01000000001958882,0.010000000201080706,0.01000000000214736,0.010000000353812006,0.010000000109146335,0.2652951965279331,0.010000000142305373,0.3718496896496342,0.010000000086840585,0.01000000062961762,0.010000000119294418,0.01000000011987972,0.010000000149364656,0.010000000194130425
0,24,0.007142857167620362,0.007142857390255726,0.0071428571919870424,0.007142857228208024,0.007142857235791324,0.007142857187755253,0.007142857188452836,0.007142857252089806,0.8642857127639382,0.007142857246321287,0.007142857190050827,0.007142857220479031,0.007142857280874118,0.007142857162857493,0.007142857160836474,0.007142857324826782,0.007142857199633968,0.007142857226332851,0.007142857179899352,0.007142857201789295
0,25,0.010000000186076892,0.01000000017932736,0.01000000027319476,0.010000000091637453,0.0100000000975603,0.010000000092793854,0.010000000024190341,0.01000000009868579,0.010000000071030586,0.010000000021327433,0.010000000094106832,0.010000000075084068,0.0100000001144897,0.010000000217288502,0.010000000072868704,0.010000000134035084,0.010000000216925677,0.010000000078123628,0.010000000080898257,0.8099999977803547
0,26,0.0050000000266062486,0.9049999985859237,0.005000000024565672,0.005000000199959275,0.005000000195964763,0.0050000000982406935,0.005000000032858393,0.005000000027699067,0.005000000060457161,0.00500000008734876,0.005000000026723062,0.005000000105849003,0.005000000036590023,0.005000000102561038,0.005000000049373786,0.005000000067109866,0.005000000065077216,0.005000000090515069,0.005000000050996787,0.005000000065580307
0,27,0.0008928571510030554,0.9830357139811682,0.0008928571600247677,0.000892857156761373,0.0008928571589492912,0.0008928571593117538,0.0008928571572796509,0.0008928571586032885,0.0008928571658072027,0.0008928571565001953,0.0008928571583649053,0.0008928571634198859,0.0008928571626496435,0.0008928571571246262,0.0008928571611128951,0.0008928571592059215,0.000892857155254087,0.0008928571584171622,0.0008928571573397874,0.0008928571617025697
0,28,0.003125000032821612,0.00312500008963075,0.003125000021528003,0.0031250000293621197,0.003125000068725555,0.003125000076790267,0.0031250000518217515,0.0031250000731536413,0.0031250001044737653,0.0031250000974163508,0.0031250000379672528,0.003125000086803709,0.0031250000619567906,0.5418905765158374,0.003125000034773069,0.0031250000577255875,0.4018594223873689,0.0031250000458490877,0.003125000036059487,0.003125000089934846
0,29,0.000909090923058348,0.0009090909246211641,0.0009090909276560109,0.0009090909267610045,0.0009090909312161235,0.9632859317111176,0.0009090909395506732,0.0009090909274158624,0.0009090909241700771,0.0009090909220168632,0.0009090909210342061,0.0009090909247718408,0.0009090909184445083,0.0009090909202309086,0.0009090909201463122,0.0009090909287666016,0.0009090909302952782,0.020350431620369022,0.000909090938102216,0.0009090909202554079
0,30,0.0008333333478971863,0.0008333333650078761,0.0008333333656892286,0.0008333333477467048,0.0008333333582739727,0.0008333333618902947,0.000833333347937917,0.27696394391464746,0.0008333333468400762,0.0008333333440828157,0.0008333333461240495,0.0008333333580082004,0.0008333333420214407,0.0008333333541637614,0.0008333333479858707,0.000833333353924259,0.0008333333518397519,0.7080360557538443,0.0008333333479277998,0.0008333333441469112
0,31,0.008333333405980031,0.8416666653312023,0.00833333333726704,0.008333333364374937,0.008333333359311539,0.008333333457560965,0.008333333353658932,0.008333333457095637,0.008333333423127295,0.00833333335848457,0.008333333349693476,0.008333333414560471,0.008333333338014602,0.008333333454424465,0.008333333453249435,0.008333333646745674,0.00833333338743228,0.00833333334161713,0.00833333339686252,0.008333333369336752
0,32,0.008333333512919407,0.008333333385204452,0.008333333356860593,0.00833333335185712,0.008333333344317824,0.008333333432701985,0.008333333480306862,0.008333333420414488,0.008333333464599647,0.008333333363467196,0.008333333383419997,0.008333333442489542,0.008333333405877413,0.841666664602795,0.008333333362704297,0.008333333390714103,0.008333333497317923,0.008333333852967998,0.008333333391109301,0.008333333557954877
0,33,0.0015151515301705556,0.9712121207901717,0.0015151515504296144,0.0015151515359166311,0.001515151532355478,0.001515151534217295,0.001515151551394955,0.0015151515483138348,0.0015151515257878219,0.0015151515246615414,0.0015151515327630834,0.0015151515377079328,0.0015151515267758904,0.001515151533834161,0.0015151515421410688,0.0015151515557981698,0.0015151515462419065,0.0015151515280021166,0.001515151536907743,0.0015151515364083738
0,34,0.0022727273230467335,0.0022727273090338857,0.0022727273025403374,0.002272727323698827,0.002272727297018251,0.0022727273111774666,0.002272727315947637,0.00227272731905144,0.0022727273125341617,0.002272727307051317,0.0022727273034135903,0.002272727310880577,0.002272727301014155,0.002272727299473166,0.0022727273166790246,0.37674330837364733,0.002272727318820592,0.4196517472940357,0.0022727273069398286,0.16496858005399587
0,35,0.0009090909278594639,0.19524601867457855,0.0009090909233409039,0.0009090909259149756,0.0009090909213995192,0.0009090909179672733,0.0009090909292562067,0.000909090927044335,0.0009090909263160221,0.0009090909177198587,0.0009090909209744585,0.0009090909252543427,0.0009090909203609159,0.000909090919509241,0.0009090909221035206,0.7883903446926211,0.0009090909263740785,0.0009090909298276623,0.0009090909200617976,0.000909090931515646
0,36,0.0029411764967730014,0.3870067674328195,0.0029411764987405924,0.002941176521472278,0.0029411764901176494,0.0029411765101416184,0.0029411765031260523,0.0029411765292296586,0.0029411764904362764,0.0029411764933232414,0.0029411765151948453,0.002941176494802217,0.0029411764882411174,0.0029411765298609036,0.0029411765157021695,0.0029411765355615745,0.0029411765677672392,0.0029411765031997893,0.0029411765186810024,0.5600520553648094
0,37,0.0011904762014764117,0.17063338625125707,0.0011904762180262516,0.0011904762124422613,0.0011904762080644133,0.0011904762103135218,0.2954700981085557,0.001190476225187315,0.0011904762237077793,0.001190476222603523,0.13266396524990037,0.27371641129296403,0.0011904762051309294,0.0011904762226673008,0.001190476214267422,0.10965899588692588,0.001190476200149335,0.001190476217306688,0.0011904762115348886,0.0011904762175188213
0,38,0.006250000023174574,0.8812499987416272,0.006250000027354832,0.0062500000872640115,0.00625000012300156,0.006250000034521817,0.006250000012321499,0.006250000030780487,0.006250000041316606,0.006250000006439448,0.0062500000649943505,0.006250000135425185,0.006250000018344795,0.00625000011643049,0.006250000316628843,0.0062500000507141355,0.006250000028146426,0.006250000043228858,0.00625000005461251,0.006250000043672501
0,39,0.010000000000010582,0.010000000000010582,0.010000000197331483,0.010000000003481831,0.01000000008852374,0.010000000353093447,0.010000000006788867,0.01000000007662689,0.010000000234171011,0.010000000120252454,0.8099999981348897,0.010000000094438256,0.010000000000010582,0.010000000000010582,0.010000000069534783,0.010000000093996661,0.010000000000010582,0.010000000128506253,0.010000000348715118,0.010000000049596832
0,40,0.01666666685234418,0.6833333311737161,0.016666666730362763,0.016666666826438428,0.01666666678565334,0.016666666706469917,0.01666666679708525,0.01666666675561878,0.01666666681209165,0.016666666692676815,0.016666666666668748,0.016666666849448362,0.016666666689632927,0.016666666814021406,0.01666666669086399,0.016666666871192,0.016666666896689455,0.016666666725494394,0.016666666700301605,0.016666666963230034
0,41,0.010000000029745985,0.010000000035386881,0.010000000079025361,0.010000000054679525,0.01000000003526332,0.010000000026909615,0.010000000031856252,0.01000000002062699,0.010000000119103389,0.4100091657105989,0.01000000002944652,0.40999083304375206,0.01000000000000424,0.010000000030279196,0.010000000000050415,0.010000000602547379,0.010000000006892438,0.01000000003875937,0.010000000067501277,0.010000000037570948
0,42,0.04999999999999999,0.04999999999999999,0.04999999999999999,0.04999999999999999,0.04999999999999999,0.04999999999999999,0.04999999999999999,0.04999999999999999,0.04999999999999999,0.04999999999999999,0.04999999999999999,0.04999999999999999,0.04999999999999999,0.04999999999999999,0.04999999999999999,0.04999999999999999,0.04999999999999999,0.04999999999999999,0.04999999999999999,0.04999999999999999
0,43,0.005555555597696079,0.005555555745326286,0.00555555562045922,0.5377734139291869,0.005555555591591774,0.005555555569872325,0.005555555599665692,0.0055555556253332585,0.00555555563386723,0.00555555585216327,0.005555555568791252,0.3622265846325911,0.005555555699409089,0.005555555720892711,0.0055555556314978915,0.0055555555982384035,0.005555555584855643,0.005555555558121124,0.005555555595727416,0.00555555564471323
0,44,0.5957533282587553,0.34424667071837484,0.003333333404787315,0.0033333334047584494,0.0033333333840004915,0.0033333333871098008,0.0033333334375602987,0.0033333333852050948,0.003333333372342045,0.003333333362243159,0.0033333333682733913,0.0033333334256584243,0.003333333407268004,0.0033333333852753207,0.0033333333475939197,0.003333333398748089,0.003333333406077489,0.0033333333703650745,0.0033333333723068394,0.0033333334032966734
0,45,0.012500000000007422,0.012500000028241668,0.012500000000007422,0.012500000053020674,0.012500000187815545,0.012500000278869243,0.01250000011060386,0.012500000008311545,0.012500000000007422,0.7624999985912063,0.012500000022373428,0.012500000018093952,0.012500000000007422,0.01250000030380399,0.012500000173621817,0.012500000000007422,0.012500000016801857,0.012500000121990247,0.012500000085201338,0.012500000000007422
0,46,0.00833333346894975,0.8416666607189642,0.00833333337318278,0.00833333347607934,0.008333333395765604,0.008333333507389292,0.008333333378762702,0.008333333474354054,0.008333333399647777,0.008333333333337833,0.00833333335875469,0.008333333425051001,0.008333333380577864,0.008333333479855454,0.008333333404393227,0.008333337852277757,0.008333333427415613,0.008333333355000095,0.008333333362702726,0.008333333427538262
0,47,0.0011363636591862434,0.0011363636808371788,0.001136363656211684,0.001136363657592372,0.0011363636454356121,0.0011363636662141715,0.0011363636579027345,0.0011363636617409971,0.0011363636531761235,0.0011363636707929594,0.0011363636562102873,0.0011363636649385758,0.0011363636537957073,0.9784090904465977,0.0011363636525151925,0.001136363667930408,0.0011363636649155727,0.0011363636621259199,0.0011363636593314133,0.0011363636625490925
0,48,0.006250000008658507,0.006250000397019753,0.006250000005171953,0.006250000038081822,0.006250000004323693,0.006250000076644081,0.006250000048019444,0.00625000001773785,0.006250000062125755,0.006250000066297875,0.006250000020813739,0.36501761464382076,0.006250000049164936,0.5224823837325093,0.006250000066539033,0.006250000505872376,0.0062500001054872035,0.006250000030145757,0.006250000007464061,0.0062500001141022315
0,49,0.0022727273171693338,0.0022727273014163307,0.0022727273000545463,0.0022727272908090778,0.00227272729238085,0.0022727273117444913,0.15487584640833696,0.0022727273112835024,0.0022727273309731525,0.002272727289490405,0.0022727272929125505,0.0022727273045008646,0.002272727326027049,0.41789973154892246,0.002272727302372989,0.0022727273192301367,0.3885880578593561,0.002272727293695292,0.0022727273024091906,0.0022727272969147844
0,50,0.001219512240073948,0.001219512493778241,0.0012195122100669127,0.0012195122247827277,0.0012195122244711635,0.0012195122092643895,0.0012195122073129627,0.0012195122125207964,0.0012195122112040819,0.0012195122144049342,0.0012195122248625657,0.0012195122210627188,0.0012195122119222582,0.00121951221841733,0.0012195122593758794,0.6641421149802184,0.31390666479359985,0.001219512213193024,0.0012195122081615883,0.0012195122213062455
0,51,0.002272727278790286,0.002272727293589563,0.0022727273031763807,0.0022727273206798316,0.002272727329941884,0.002272727307714429,0.0022727272849655676,0.002272727300702031,0.0022727272947078805,0.1816560792467766,0.0022727273039056836,0.0022727272856129526,0.002272727299929775,0.0022727273267617427,0.698965103433009,0.0022727273469003027,0.0022727273037464165,0.002272727341022873,0.0022727273034575534,0.08074245309460923
0,52,0.0020000001018387775,0.0020000000655408037,0.002000000025821406,0.35948146048121354,0.0020000000261818857,0.002000000057041664,0.0020000000206334876,0.0020000000523637215,0.0020000000382375148,0.002000000071146358,0.0020000000232008206,0.002000000038662255,0.0020000000218562603,0.002000000035839631,0.0020000000564720367,0.002000000043115614,0.002000000065190797,0.00200000001979498,0.6045185387100935,0.0020000000457548617
0,53,0.9049999979316613,0.005000000101344162,0.005000000089054323,0.005000000074127865,0.005000000094153517,0.005000000072515454,0.005000000106979385,0.00500000018238692,0.005000000131024787,0.005000000048329953,0.005000000067366192,0.005000000166771,0.005000000045947904,0.005000000069849074,0.005000000558174702,0.0050000000853499425,0.005000000063110346,0.0050000000332084855,0.005000000023014619,0.005000000055630243
0,54,0.16783151531947163,0.0026315790256492997,0.002631579014836776,0.19392747839254984,0.002631578986525856,0.0026315789735510357,0.0026315789528282957,0.0026315790075940966,0.0026315790158976246,0.5935041633350979,0.0026315790691244637,0.002631578989555914,0.0026315789831233187,0.0026315789746395955,0.0026315789976877452,0.002631579014607242,0.0026315789773662377,0.002631578997473117,0.002631578978380562,0.0026315789940394513
0,55,0.68133003861064,0.010000000048698101,0.01000000018941875,0.13866995935089066,0.01000000018247925,0.010000000111929438,0.010000000100631143,0.010000000042009355,0.010000000120281115,0.010000000029018156,0.010000000187219856,0.010000000019670148,0.010000000074597412,0.010000000115020696,0.01000000012031607,0.010000000045865112,0.010000000193547574,0.0100000002720292,0.010000000160237079,0.010000000025500808
0,56,0.004545454641253533,0.6188328020003174,0.0045454546164236855,0.004545454607157523,0.004545454630279394,0.004545454634152027,0.004545454584927225,0.004545454618091274,0.004545454642136653,0.0045454546442614974,0.004545454651690316,0.00454545457166436,0.004545454611865081,0.004545454637361232,0.004545454646652589,0.004545454626114681,0.0045454546374892315,0.0045454546342230005,0.004545454661321318,0.29934901470261793
0,57,0.0017241379564405552,0.0017241379726348517,0.0017241379801539276,0.0017241381738827867,0.0017241379787005598,0.0017241379708989295,0.0017241379799686652,0.001724137963285603,0.0017241379732178157,0.0017241379546858726,0.0017241379615974617,0.001724138016024134,0.0017241379819666132,0.001724137967227549,0.9672413783363267,0.0017241379728369552,0.001724137973541585,0.0017241379624779027,0.0017241379536531089,0.0017241379704782621
0,58,0.0026315790318459497,0.002631579001701622,0.002631578985407444,0.002631578982769497,0.0026315789842535292,0.0026315789965524593,0.0026315789668092215,0.0026315789811164206,0.0026315789629697303,0.0026315789927612615,0.00263157897134087,0.002631578991579444,0.9499999991815706,0.002631579003821827,0.0026315789855988134,0.0026315790062593275,0.002631578976935703,0.002631578979466967,0.0026315790385117452,0.0026315789787276765
0,59,0.0023809524130159,0.0023809523920331767,0.0023809524128716977,0.002380952395158718,0.0023809524121240393,0.0023809524130271077,0.0023809524186615663,0.0023809524132436598,0.9547619040738191,0.0023809524011278766,0.00238095242197243,0.002380952412945561,0.002380952429498216,0.0023809524347375133,0.0023809524054104747,0.0023809524803999763,0.002380952402906803,0.0023809524171658158,0.002380952404810229,0.002380952445070252
0,60,0.004545454622799486,0.004545454694950215,0.004545454606378681,0.004545454653998274,0.00454545461585758,0.004545454616287566,0.004545454589759532,0.004545454604750324,0.004545454624119572,0.00454545458136596,0.004545454577120872,0.004545454699082921,0.14618494984028266,0.29006542849466127,0.17228056307628947,0.31874178452675095,0.004545454622703172,0.004545454667324558,0.004545454654801975,0.004545454630714749
0,61,0.016666666981768136,0.016666666728737387,0.01666666712764263,0.016666666967846418,0.016666666980066674,0.016666666989041713,0.01666666694058434,0.01666666693159556,0.016666667548518102,0.016666666830649934,0.016666666969428045,0.016666666996236725,0.01666666686101696,0.01666666704717478,0.0166666670543934,0.683333327378836,0.016666666894437607,0.016666666892547092,0.016666666961739435,0.016666666917738777
0,62,0.0019230769435911138,0.0019230769758394601,0.0019230769456057553,0.001923076957791212,0.001923076966421023,0.001923076951779854,0.0019230769557918139,0.0019230769559557173,0.001923076946602073,0.0019230769347965532,0.0019230769471363506,0.001923076963810722,0.0019230769510818972,0.0019230769782412286,0.39540472310617975,0.0019230769556044332,0.5699798917217438,0.0019230769391771064,0.0019230769415960484,0.0019230769612541337
0,63,0.0026315789544674962,0.002631579037073896,0.0026315789960298275,0.9499999989392983,0.0026315790045140486,0.002631578993939105,0.0026315789808730914,0.0026315789852031693,0.0026315789996914853,0.002631579050621433,0.0026315789836090465,0.002631578984823228,0.0026315790197484145,0.0026315790131569874,0.002631579025945491,0.0026315791142352686,0.002631578982343463,0.0026315789852490784,0.0026315789753249778,0.0026315789738521446
0,64,0.0014705882523180136,0.0014705882728765832,0.001470588278036415,0.0014705882704606885,0.0014705882675473362,0.001470588262238151,0.0014705882554733552,0.001470588259728962,0.0014705882634370611,0.0014705882616345063,0.0014705882589325359,0.0014705882660856027,0.0014705882513830558,0.0014705882868136849,0.972058822966423,0.0014705882679778128,0.001470588272554421,0.0014705882596424882,0.0014705882640727312,0.001470588262363726
0,65,0.16622906358224226,0.002380952433766978,0.0023809524153274647,0.002380952419558114,0.002380952410187522,0.0023809524322226665,0.002380952434507533,0.0023809524226682294,0.002380952411247938,0.002380952431872862,0.002380952431916399,0.7909137927849405,0.0023809524166036908,0.002380952457583179,0.0023809524261218335,0.002380952430217769,0.0023809524286360043,0.002380952408914872,0.002380952421753538,0.0023809523997105862
0,66,0.0020833333980753103,0.0020833333659984682,0.002083333376011279,0.002083333383634642,0.0020833333592745846,0.0020833333677622865,0.0020833334034000353,0.002083333386389846,0.002083333372961701,0.0020833333829112476,0.0020833333738798495,0.0020833333602148134,0.0020833333780761864,0.002083333366336465,0.3782409951029645,0.3402555554034816,0.0020833334345110735,0.002083333367256277,0.24608678204109202,0.0020833333757676108
0,67,0.0005681818376941089,0.0005681818293988073,0.0005681818328719712,0.0005681818302607717,0.0005681818283308297,0.3917782228501466,0.0005681818306907619,0.07565156481216741,0.000568181828503402,0.0005681818256297337,0.0005681818284132632,0.0005681818332916314,0.000568181830332829,0.00056818182947162,0.0005681818329674989,0.35436399384790307,0.0005681818359768446,0.0005681818301924314,0.16911530919440304,0.000568181831353457
0,68,0.0055555555694888955,0.005555555685920059,0.005555555609440698,0.005555555650574282,0.005555555668683915,0.005555555628241853,0.00555555562195467,0.005555555644243617,0.00555555573504032,0.005555555618744418,0.005555555640705073,0.005555555636441281,0.005555555615078507,0.005555555669506645,0.005555555574844822,0.8944444428914561,0.005555555621612327,0.0055555556221623765,0.005555555630589126,0.005555555665271054
0,69,0.00041322314665866,0.00041322315232497663,0.0004132231504050169,0.00041322315036600166,0.0004132231485860549,0.0004132231467707065,0.25517378857436396,0.00041322314815416656,0.000413223148883215,0.00041322314918443856,0.5531065533808717,0.00041322314962137236,0.00041322315264042086,0.0004132231500793555,0.00041322314819056014,0.16264730360247387,0.0004132231515688437,0.0004132231488846281,0.00041322315017988247,0.022460784049792158
0,70,0.0007936508043853893,0.2864001167831408,0.08004880234617237,0.00079365081037532,0.000793650813334553,0.0007936508084805428,0.0007936508126736121,0.0007936508047210053,0.0007936508070799191,0.0007936508105239877,0.0007936508125549878,0.0007936508114261067,0.0007936508020491261,0.0007936508099270745,0.0007936508182278714,0.0007936508051282285,0.0007936508125197573,0.0007936508151507486,0.6200590171097965,0.0007936508023319062
0,71,0.002631578967260176,0.00263157905709813,0.0026315790100366536,0.00263157900697296,0.002631578970058121,0.0026315790393756965,0.0026315790018727027,0.002631578991569873,0.0026315790608019687,0.002631579018270723,0.0026315789904066663,0.6076396373062398,0.002631579003475472,0.0026315790517326223,0.002631578995432437,0.0026315790125012476,0.002631579024106542,0.0026315790462008814,0.0026315790527948802,0.3449919403937924
0,72,0.0008928571615110487,0.0008928571635485348,0.16846437241223347,0.000892857160035106,0.0008928571635611146,0.0008928571663747831,0.0008928571650044661,0.8154641986870288,0.000892857166855465,0.0008928571499041425,0.0008928571673722374,0.0008928571637794894,0.0008928571585270461,0.0008928571548568112,0.0008928571538708327,0.000892857159220693,0.0008928571645842463,0.0008928571676656028,0.0008928571572391009,0.0008928571568269694
0,73,0.004545454597828645,0.0045454545740847944,0.004545454581938448,0.004545454581293391,0.004545454588103879,0.004545454678762718,0.0045454546085223506,0.004545454659835061,0.24400545542494237,0.0045454545677947825,0.4866652047539677,0.004545454563911314,0.0045454546763509605,0.19205661148852804,0.004545454593603299,0.00454545464693885,0.00454545459766954,0.004545454608181161,0.004545454603346373,0.004545454604396287
0,74,0.003125000027598497,0.314075018330144,0.003125000058682472,0.003125000023486482,0.0031250000387659,0.0031250000097377277,0.0031250000150706363,0.21946941362454817,0.0031250000208663947,0.0031250000193259893,0.003125000031549202,0.0031250000598460003,0.003125000012461443,0.41333056750995045,0.0031250000366672757,0.003125000032427375,0.003125000043841129,0.003125000018921449,0.0031250000185260155,0.0031250000675833874
0,75,0.0031250000283241496,0.0031250000422121706,0.0031250000176929367,0.0031250000415383797,0.0031250000498023764,0.003125000047306133,0.0031250000351752552,0.0031250000586595526,0.003125000022731088,0.0031250000579205947,0.40277124811113274,0.003125000024796059,0.0031250000530693893,0.0031250000954058214,0.003125000055770376,0.5409787509886252,0.003125000047578617,0.0031250000325506923,0.0031250000444255164,0.003125000145282918
0,76,0.0017857142939562466,0.001785714329350387,0.0017857142933393952,0.001785714302337411,0.0017857143050454194,0.0017857143012432303,0.0017857143073413235,0.0017857143085017377,0.001785714301220381,0.001785714305070195,0.0017857143007686536,0.0017857143168917503,0.0017857143095085732,0.0017857143226494069,0.001785714288968061,0.9660714281899434,0.001785714308445821,0.001785714306226295,0.001785714298436337,0.001785714310756043
0,77,0.8416666645375288,0.008333333555084543,0.008333333444273814,0.008333333429817678,0.008333333380906027,0.0083333334351725,0.00833333339752307,0.008333333379140719,0.008333333371059676,0.008333333333338315,0.008333333451305984,0.008333333441676293,0.008333333348570822,0.008333333831119033,0.008333333443250837,0.008333333405989537,0.008333333499794872,0.008333333492959427,0.00833333347973395,0.008333333341754129
0,78,0.0031250000031686526,0.003125000074561188,0.003125000021489996,0.00312500001229899,0.9406249990143204,0.0031250000353742926,0.003125000046017157,0.003125000027530691,0.0031250000982637033,0.003125000013188044,0.003125000025707606,0.003125000092296262,0.003125000032410889,0.003125000101322482,0.003125000000004095,0.0031250001309207956,0.003125000099400864,0.0031250000655298426,0.003125000023112183,0.00312500008308181
0,79,0.008333333457102389,0.008333333390764431,0.008333333923218752,0.008333333569485088,0.008333333534196784,0.008333333468543591,0.008333333649748382,0.008333333507926229,0.8416666618783176,0.00833333335148061,0.008333333560747658,0.008333333480566099,0.008333333556406001,0.008333333543526266,0.00833333395258875,0.008333333681542425,0.008333333800940321,0.008333333746982823,0.008333333414993932,0.008333333530921886
0,80,0.006250000044062129,0.006250000198596933,0.006250000141038776,0.0062500000771863245,0.006250000103081147,0.006250000147961227,0.006250000071080702,0.006250000051917214,0.006250000128147275,0.006250000045704988,0.00625000008994073,0.006250000285852946,0.006250000187406246,0.00625000014420431,0.006250000057363155,0.8812499977763814,0.0062500001328008046,0.006250000092623113,0.006250000109110671,0.006250000115540001
0,81,0.14101676783295325,0.0031250000519369775,0.0031250000257125724,0.0031250000525921084,0.0031250000282977753,0.003125000017740991,0.0031250000278975577,0.8027332312770983,0.003125000055058773,0.0031250000674778442,0.0031250000440034356,0.0031250000905596004,0.003125000082192605,0.0031250000461133286,0.0031250000520756933,0.003125000064405029,0.003125000046649014,0.0031250000732129697,0.0031250000491863774,0.0031250000148358385
0,82,0.007142857190968908,0.00714285723744079,0.007142857178499969,0.007142857268330216,0.007142857281385618,0.0071428572611258725,0.007142857190875071,0.007142857231525881,0.15020264778830966,0.45257253416289006,0.007142857227072587,0.007142857157227586,0.007142857234114123,0.007142857274415193,0.007142857295647333,0.2757962451870763,0.00714285721368051,0.007142857196394638,0.007142857172751416,0.007142857250268247
0,83,0.0035714286032431436,0.003571428624476141,0.0035714286255587773,0.003571428609403723,0.0035714285862872655,0.0035714286451601802,0.0035714286436593578,0.003571428620044595,0.0035714286376325537,0.0035714287121606826,0.0035714286152431452,0.0035714286354659045,0.0035714286379837507,0.0035714286399799364,0.0035714286433309304,0.9321428560196514,0.0035714286092428525,0.0035714286363835225,0.0035714286428533077,0.003571428612238755
0,84,0.0020000000173739972,0.002000000041320023,0.0020000000193937024,0.0020000000243443877,0.0020000000164511456,0.9619999993379058,0.002000000065927972,0.002000000018439133,0.0020000000525422063,0.0020000000279930884,0.002000000026497904,0.0020000000185910883,0.00200000001614917,0.002000000020227959,0.0020000000241950696,0.002000000069355223,0.0020000000409331605,0.0020000000381377317,0.0020000000931923467,0.0020000000310290648
0,85,0.002083333351072641,0.0020833333578401383,0.47506316965311685,0.0020833333869001236,0.002083333358946054,0.002083333361198993,0.00208333337047526,0.0020833333563713293,0.3350942173937418,0.0020833333579694854,0.002083333382020882,0.002083333380431427,0.002083333386037966,0.0020833333953167387,0.002083333364154488,0.15442594564831663,0.002083333383558461,0.0020833333564408904,0.0020833333557540024,0.00208333340033601
0,86,0.016666668408902692,0.016666666690447158,0.016666666756437656,0.016666666883537753,0.016666666749215527,0.01666666673720609,0.016666666666688913,0.6833333298616575,0.01666666669951948,0.016666666712948936,0.01666666672475446,0.016666666796747207,0.016666666842675232,0.01666666668598663,0.01666666685941951,0.01666666695373261,0.016666666730502756,0.016666666700367115,0.016666666825970382,0.016666666713282145
0,87,0.0019230769445581,0.0019230769715379466,0.0019230769886690242,0.0019230769679970368,0.0019230769468967384,0.0019230769561465629,0.0019230769619988438,0.0019230769692931368,0.0019230769531657472,0.0019230769526630527,0.001923076970469227,0.4909978978910242,0.0019230769575946337,0.0019230770037747828,0.001923076983703566,0.47438671675666144,0.0019230769585752054,0.0019230769554555635,0.0019230769374620504,0.001923076972352972
0,88,0.008333333398873068,0.00833333334808861,0.008333333423390508,0.008333333488384427,0.008333333355804863,0.008333333410943167,0.008333333469721942,0.008333333589272612,0.008333333456172917,0.008333333333341525,0.008333333364335976,0.008333333529707639,0.008333333354343128,0.8416666650814402,0.008333333348335676,0.008333333368368697,0.008333333344550982,0.008333333422480924,0.008333333497703528,0.008333333414739859
0,89,0.0022727273220362896,0.0022727273100966185,0.0022727273059065254,0.4476751257566585,0.002272727296381326,0.0022727273140880837,0.0022727273232242932,0.0022727273168760952,0.0022727273058843955,0.0022727273326189905,0.0022727273129249624,0.002272727340178669,0.0022727272892125753,0.2692114941702489,0.0022727273160539608,0.002272727350024926,0.0022727273127300524,0.24447701573619482,0.002272727292866046,0.002272727295793809
0,90,0.10299288146938355,0.0050000000446839875,0.005000000066196204,0.005000000110203424,0.005000000028321816,0.005000000121328487,0.005000000098092,0.005000000066654663,0.005000000101680034,0.005000000010393713,0.005000000058126967,0.0050000000278447015,0.005000000146724388,0.32490932392374317,0.005000000012111578,0.48709779341826037,0.005000000071867605,0.005000000035623083,0.005000000124245179,0.005000000064514973
0,91,0.003125000086837568,0.003125000076816309,0.0031250000897810105,0.0031250001044995923,0.003125000048447468,0.7502490919130368,0.003125000053945449,0.003125000083804163,0.0031250000407826127,0.00312500006834922,0.0031250000488158027,0.0031250000989000437,0.0031250000469211347,0.0031250000476943686,0.0031250000751074326,0.19350090680168994,0.0031250001600504475,0.00312500006967865,0.003125000046309423,0.0031250000385326026
0,92,0.0021739130784415935,0.002173913094508131,0.002173913079821584,0.002173913087280123,0.002173913077380913,0.0021739130746984475,0.0021739130827275813,0.0021739131084862647,0.002173913076209656,0.0021739130785957085,0.0021739131075984046,0.002173913078808874,0.0021739130889458828,0.002173913149626491,0.0021739131019749697,0.0021739131219549067,0.002173913110355275,0.0021739130721528965,0.9586956512385273,0.0021739130919049845
0,93,0.0017241379615119204,0.0017241379719850514,0.0017241379604854487,0.42895481615523634,0.0017241379633819894,0.001724137972902175,0.0017241379602376007,0.0017241379693392633,0.0017241379685204426,0.0017241379590028888,0.0017241379811799254,0.0017241379541492806,0.001724137963156952,0.0017241379705883375,0.001724137976976049,0.5400107004036766,0.0017241379946607229,0.0017241379753923588,0.00172413796510685,0.0017241379725098241
